00	0	750	8300	750
0000	0	750	4150	750
000000	0	750	2075	750
00000000	0	750	1037,5	750
0000000000	0	750	518,75	750	38	45	82	103	104	105	106	107	108	109	110	111	112	113
0000000001	518,75	750	518,75	750	38	46	66	69	83	113	114	115	116	117	118	119	120	121	122	123
00000001	1037,5	750	1037,5	750
0000000100	1037,5	750	518,75	750	8	46	47	48	49	50	84	123	124	125	126	127	128	129	130	131	132	133	134
0000000101	1556,25	750	518,75	750	20	51	52	53	85	134	135	136	137	138	139	140	141	142	143	144
000001	2075	750	2075	750
00000100	2075	750	1037,5	750
0000010000	2075	750	518,75	750	2	20	21	22	53	54	55	56	57	58	59	60	70	144	145	146	147	148	149	150	151	152	153	154
0000010001	2593,75	750	518,75	750	22	33	70	154	155	156	157	158	159	160	161
00000101	3112,5	750	1037,5	750
0000010100	3112,5	750	518,75	750	3	4	5	9	10	11	34	35	36	71	86	161	162	163	164	165	166	167	168	169	170	171
0000010101	3631,25	750	518,75	750	12	15	16	17	18	19	23	24	25	26	27	28	61	62	63	64	65	86	87	88	171	172	173	174	175	176	177	178	179	180
0001	4150	750	4150	750
000100	4150	750	2075	750
00010000	4150	750	1037,5	750
0001000000	4150	750	518,75	750	13	28	89	181	182	183	184	185	186	187
0001000001	4668,75	750	518,75	750	13	29	76	90	91	92	187	188	189	190	191	192	193	194	195	196	197
00010001	5187,5	750	1037,5	750
0001000100	5187,5	750	518,75	750	30	67	76	92	197	198	199	200	201
0001000101	5706,25	750	518,75	750	31	72	77	93	201	202	203	204	205	206	207	208	209	210	211
000101	6225	750	2075	750
00010100	6225	750	1037,5	750
0001010000	6225	750	518,75	750	37	73	94	211	212	213	214
0001010001	6743,75	750	518,75	750	1	32	37	68	74	75	78	79	80	81	94	95	96	97	98	99	100	101	214	215	216	217	218	219	220	221	222	223	224	225
00010101	7262,5	750	1037,5	750
0001010100	7262,5	750	518,75	750	6	39	40	41	42	43	44	225	226	227	228	229	230	231	232	233	234	235
0001010101	7781,25	750	518,75	750	7	14	102	235	236	237	238	239	240	241	242	243	244	245