00	0	750	8650	750
0000	0	750	4325	750
000000	0	750	2162,5	750
00000000	0	750	1081,25	750
0000000000	0	750	540,625	750	46	56	88	110	111	112	113	114	115	116	117	118	119	120
0000000001	540,625	750	540,625	750	46	47	74	77	89	120	121	122	123	124	125	126	127	128	129	130	131
00000001	1081,25	750	1081,25	750
0000000100	1081,25	750	540,625	750	2	47	57	58	59	60	90	131	132	133	134	135	136	137	138	139	140	141	142
0000000101	1621,875	750	540,625	750	48	61	78	91	142	143	144	145	146	147	148	149	150	151	152	153
000001	2162,5	750	2162,5	750
00000100	2162,5	750	1081,25	750
0000010000	2162,5	750	540,625	750	1	14	21	22	61	62	63	64	65	66	67	68	92	93	153	154	155	156	157	158	159	160	161
0000010001	2703,125	750	540,625	750	14	23	162	163	164	165	166	167	168	169
00000101	3243,75	750	1081,25	750
0000010100	3243,75	750	540,625	750	3	4	5	7	8	9	38	39	40	79	94	169	170	171	172	173	174	175	176	177	178	179	180
0000010101	3784,375	750	540,625	750	10	15	16	17	18	19	24	25	26	27	28	29	69	70	71	72	73	94	95	96	180	181	182	183	184	185	186	187	188	189
0001	4325	750	4325	750
000100	4325	750	2162,5	750
00010000	4325	750	1081,25	750
0001000000	4325	750	540,625	750	11	29	97	190	191	192	193	194	195	196	197
0001000001	4865,625	750	540,625	750	11	30	98	99	197	198	199	200	201	202	203	204	205	206
00010001	5406,25	750	1081,25	750
0001000100	5406,25	750	540,625	750	31	207	208	209	210	211
0001000101	5946,875	750	540,625	750	32	80	83	100	211	212	213	214	215	216	217	218	219	220
000101	6487,5	750	2162,5	750
00010100	6487,5	750	1081,25	750
0001010000	6487,5	750	540,625	750	33	34	35	36	41	42	43	44	49	75	101	221	222	223
0001010001	7028,125	750	540,625	750	12	45	49	76	81	82	84	85	86	87	101	102	103	104	105	106	107	108	223	224	225	226	227	228	229	230	231	232	233	234
00010101	7568,75	750	1081,25	750
0001010100	7568,75	750	540,625	750	20	50	51	52	53	54	55	234	235	236	237	238	239	240	241	242	243	244	245
0001010101	8109,375	750	540,625	750	6	13	37	109	245	246	247	248	249	250	251	252	253	254	255