00	0	750	10350	750
0000	0	750	5175	750
000000	0	750	2587,5	750
00000000	0	750	1293,75	750
0000000000	0	750	646,875	750	1	17	18	46	60	73	74	75	101	102	103	104	105	106	107
0000000001	646,875	750	646,875	750	2	18	19	46	61	76	77	108	109	110	111	112	113	114	115	116	117	118
00000001	1293,75	750	1293,75	750
0000000100	1293,75	750	646,875	750	47	78	79	118	119	120	121	122	123	124	125	126	127	128	129	130	131
0000000101	1940,625	750	646,875	750	8	28	62	63	64	80	81	82	83	84	131	132	133	134	135	136
000001	2587,5	750	2587,5	750
00000100	2587,5	750	1293,75	750
0000010000	2587,5	750	646,875	750	14	33	34	35	36	37	38	39	64	84	85	136	137	138	139	140	141	142	143	144	145	146	147	148	149
0000010001	3234,375	750	646,875	750	3	9	10	24	25	65	86	149	150	151	152	153	154	155	156	157	158	159	160	161	162
00000101	3881,25	750	1293,75	750
0000010100	3881,25	750	646,875	750	3	4	22	40	43	48	49	65	66	86	87	162	163	164	165	166	167	168	169	170	171
0000010101	4528,125	750	646,875	750	20	50	67	88	89	171	172	173	174	175	176	177	178	179	180	181	182	183	184
0001	5175	750	5175	750
000100	5175	750	2587,5	750
00010000	5175	750	1293,75	750
0001000000	5175	750	646,875	750	5	11	26	29	68	90	91	184	185	186
0001000001	5821,875	750	646,875	750	11	29	30	31	51	91	92	93	187	188	189	190	191	192	193	194	195	196
00010001	6468,75	750	1293,75	750
0001000100	6468,75	750	646,875	750	27	31	32	41	44	52	53	54	69	70	71	93	94	95	96	196	197	198	199	200	201	202	203
0001000101	7115,625	750	646,875	750	55
000101	7762,5	750	2587,5	750
00010100	7762,5	750	1293,75	750
0001010000	7762,5	750	646,875	750	12	55	56	97	204	205	206	207	208	209	210	211	212	213
0001010001	8409,375	750	646,875	750	6	7	42	45	57	58	72	98	213	214	215	216
00010101	9056,25	750	1293,75	750
0001010100	9056,25	750	646,875	750	7	21	58	59	99	217	218	219	220	221	222	223	224	225	226
0001010101	9703,125	750	646,875	750	13	15	16	23	100	226	227	228	229	230	231	232	233	234	235	236	237	238