1	14	175	650	150	100
2	14	975	650	150	100
3	14	3875	650	150	100
4	14	4225	650	150	100
5	14	5475	650	150	100
6	14	8675	650	150	100
7	14	9125	600	150	100
8	14	2075	550	150	100
9	26	3375	575	50	50
10	26	3425	575	50	50
11	14	5825	550	150	100
12	14	8025	550	150	100
13	14	10125	550	150	100
14	14	3025	500	150	100
15	14	9975	500	150	100
16	14	10275	500	150	100
17	14	125	450	150	100
18	22	550	484	200	32
19	14	1125	450	150	100
20	14	4875	450	150	100
21	14	9325	450	150	100
22	14	4175	400	150	100
23	21	10150	250	300	400
24	7	2575	375	50	50
25	7	3375	375	50	50
26	7	3425	375	50	50
27	22	5450	384	200	32
28	7	6625	375	50	50
29	23	2150	334	200	32
30	7	2575	325	50	50
31	23	5800	334	200	32
32	7	6425	325	50	50
33	7	6475	325	50	50
34	7	6625	325	50	50
35	7	2575	275	50	50
36	10	2825	275	50	50
37	28	2875	275	50	50
38	10	2925	275	50	50
39	28	2975	275	50	50
40	10	3025	275	50	50
41	28	3075	275	50	50
42	29	3125	275	50	50
43	7	3925	275	50	50
44	7	6625	275	50	50
45	7	8875	275	50	50
46	7	2575	225	50	50
47	7	3925	225	50	50
48	7	6625	225	50	50
49	7	8725	225	50	50
50	22	550	184	200	32
51	7	1675	175	50	50
52	7	2575	175	50	50
53	7	3925	175	50	50
54	15	4400	125	100	150
55	7	4675	175	50	50
56	18	6250	125	100	150
57	7	6625	175	50	50
58	24	7000	184	200	32
59	25	7750	184	200	32
60	15	8300	125	100	150
61	7	9025	175	50	50
62	7	9075	175	50	50
63	20	9550	125	100	150
64	7	325	125	50	50
65	7	875	125	50	50
66	7	1675	125	50	50
67	7	2475	125	50	50
68	7	2575	125	50	50
69	7	3875	125	50	50
70	7	3925	125	50	50
71	7	4675	125	50	50
72	22	5450	134	200	32
73	7	6625	125	50	50
74	7	8575	125	50	50
75	7	25	75	50	50
76	7	275	75	50	50
77	7	325	75	50	50
78	7	875	75	50	50
79	7	925	75	50	50
80	33	1125	75	50	50
81	7	1325	75	50	50
82	33	1525	75	50	50
83	7	1675	75	50	50
84	23	2150	84	200	32
85	7	2475	75	50	50
86	7	2575	75	50	50
87	7	3875	75	50	50
88	7	3925	75	50	50
89	9	4325	75	50	50
90	7	4675	75	50	50
91	7	4725	75	50	50
92	6	5250	100	100	100
93	23	5800	84	200	32
94	9	6075	75	50	50
95	7	6625	75	50	50
96	7	8075	75	50	50
97	7	8575	75	50	50
98	7	9275	75	50	50
99	8	9850	75	100	50
100	7	25	25	50	50
101	7	75	25	50	50
102	7	125	25	50	50
103	7	175	25	50	50
104	7	225	25	50	50
105	7	275	25	50	50
106	7	325	25	50	50
107	7	775	25	50	50
108	7	825	25	50	50
109	7	875	25	50	50
110	7	925	25	50	50
111	7	975	25	50	50
112	7	1025	25	50	50
113	7	1075	25	50	50
114	7	1125	25	50	50
115	7	1175	25	50	50
116	7	1225	25	50	50
117	7	1275	25	50	50
118	7	1325	25	50	50
119	7	1375	25	50	50
120	7	1425	25	50	50
121	7	1475	25	50	50
122	7	1525	25	50	50
123	7	1575	25	50	50
124	7	1625	25	50	50
125	7	1675	25	50	50
126	7	1725	25	50	50
127	7	1775	25	50	50
128	7	1825	25	50	50
129	7	1875	25	50	50
130	7	1925	25	50	50
131	7	2375	25	50	50
132	7	2425	25	50	50
133	7	2475	25	50	50
134	7	2525	25	50	50
135	7	2575	25	50	50
136	7	2625	25	50	50
137	7	2675	25	50	50
138	7	2725	25	50	50
139	7	2775	25	50	50
140	7	2825	25	50	50
141	7	2875	25	50	50
142	7	2925	25	50	50
143	7	2975	25	50	50
144	7	3025	25	50	50
145	7	3075	25	50	50
146	7	3125	25	50	50
147	7	3175	25	50	50
148	7	3225	25	50	50
149	7	3275	25	50	50
150	7	3325	25	50	50
151	7	3375	25	50	50
152	7	3425	25	50	50
153	7	3475	25	50	50
154	7	3525	25	50	50
155	7	3575	25	50	50
156	7	3625	25	50	50
157	7	3675	25	50	50
158	7	3725	25	50	50
159	7	3775	25	50	50
160	7	3825	25	50	50
161	7	3875	25	50	50
162	7	3925	25	50	50
163	7	4175	25	50	50
164	7	4225	25	50	50
165	7	4275	25	50	50
166	7	4325	25	50	50
167	7	4375	25	50	50
168	7	4425	25	50	50
169	7	4475	25	50	50
170	7	4525	25	50	50
171	7	4575	25	50	50
172	7	4625	25	50	50
173	7	4675	25	50	50
174	7	4725	25	50	50
175	7	4775	25	50	50
176	7	4825	25	50	50
177	7	4875	25	50	50
178	7	4925	25	50	50
179	7	4975	25	50	50
180	7	5025	25	50	50
181	7	5075	25	50	50
182	7	5125	25	50	50
183	7	5175	25	50	50
184	7	5225	25	50	50
185	7	5275	25	50	50
186	7	6025	25	50	50
187	7	6075	25	50	50
188	7	6125	25	50	50
189	7	6175	25	50	50
190	7	6225	25	50	50
191	7	6275	25	50	50
192	7	6325	25	50	50
193	7	6375	25	50	50
194	7	6425	25	50	50
195	7	6475	25	50	50
196	7	6525	25	50	50
197	7	6575	25	50	50
198	7	6625	25	50	50
199	7	6675	25	50	50
200	7	6725	25	50	50
201	7	6775	25	50	50
202	7	6825	25	50	50
203	7	7975	25	50	50
204	7	8025	25	50	50
205	7	8075	25	50	50
206	7	8125	25	50	50
207	7	8175	25	50	50
208	7	8225	25	50	50
209	7	8275	25	50	50
210	7	8325	25	50	50
211	7	8375	25	50	50
212	7	8425	25	50	50
213	7	8475	25	50	50
214	7	8525	25	50	50
215	7	8575	25	50	50
216	7	9275	25	50	50
217	7	9325	25	50	50
218	7	9375	25	50	50
219	7	9425	25	50	50
220	7	9475	25	50	50
221	7	9525	25	50	50
222	7	9575	25	50	50
223	7	9625	25	50	50
224	7	9675	25	50	50
225	7	9725	25	50	50
226	7	9775	25	50	50
227	7	9825	25	50	50
228	7	9875	25	50	50
229	7	9925	25	50	50
230	7	9975	25	50	50
231	7	10025	25	50	50
232	7	10075	25	50	50
233	7	10125	25	50	50
234	7	10175	25	50	50
235	7	10225	25	50	50
236	7	10275	25	50	50
237	7	10325	25	50	50